chr15 64095852 64095853 67.2170472646446
chr17 5255418 5255419 48.0267432542294
chr8 27337603 27337604 29.4742968528023
chr8 27598735 27598736 11.9976679319745
chr15 64090697 64090698 11.7892703405632
chr2 127135233 127135234 10.3123307829823
chr10 96259355 96259356 10.01638377179
chr16 79574933 79574934 9.92869057192018
chr7 12223090 12223091 9.15631307552133
chr7 12244381 12244382 8.92842859063969
chr5 86997802 86997803 8.72918673179125
chr14 92465700 92465701 7.71715048310442
chr10 80509854 80509855 7.67924251495767
chr10 96259399 96259400 7.23126347860751
chr12 113208504 113208505 7.16525365829453
chr7 100374210 100374211 6.75502681938432
chr2 233117201 233117202 6.62148801547272
chr15 64071391 64071392 6.34827744959251
chr11 86156832 86156833 5.74400902813538
chr10 80497813 80497814 5.36358561622598
chr8 27369272 27369273 5.167743761578
chr7 12223174 12223175 5.09052572020745
chr10 96259826 96259827 4.95502356952287
chr12 113221041 113221042 4.74560508816812
chr11 60251676 60251677 4.1118794677176
chr20 56409711 56409712 4.10301356497257
chr8 144103703 144103704 3.98956336434465
chr7 12222944 12222945 3.87758736506417
chr10 80510091 80510092 3.87224161842147
chr12 113206405 113206406 3.70281528643739
chr12 113194006 113194007 3.65266777988623
chr11 47408352 47408353 3.52756330745504
chr10 80505514 80505515 3.45681442833069
chr11 60251687 60251688 3.32319220913292
chr12 113240585 113240586 2.55513285507945
chr8 27608797 27608798 2.52288673470655
chr11 47395194 47395195 2.45127334833869
chr10 80524755 80524756 2.28526165262758
