chr15 64095852 64095853 67.2170472646446,0
chr17 5255418 5255419 48.0267432542294,0
chr8 27337603 27337604 29.4742968528023,0
chr8 27598735 27598736 11.9976679319745,0
chr15 64090697 64090698 11.7892703405632,0
chr2 127135233 127135234 10.3123307829823,0
chr10 96259355 96259356 10.01638377179,0
chr16 79574933 79574934 9.92869057192018,0
chr7 12223090 12223091 9.15631307552133,0
chr7 12244381 12244382 8.92842859063969,0
chr5 86997802 86997803 8.72918673179125,0
chr14 92465700 92465701 7.71715048310442,0
chr10 80509854 80509855 7.67924251495767,0
chr10 96259399 96259400 7.23126347860751,0
chr12 113208504 113208505 7.16525365829453,0
chr7 100374210 100374211 6.75502681938432,0
chr2 233117201 233117202 6.62148801547272,0
chr15 64071391 64071392 6.34827744959251,0
chr11 86156832 86156833 5.74400902813538,0
chr10 80497813 80497814 5.36358561622598,0
chr8 27369272 27369273 5.167743761578,0
chr7 12223174 12223175 5.09052572020745,0
chr10 96259826 96259827 4.95502356952287,0
chr12 113221041 113221042 4.74560508816812,0
chr11 60251676 60251677 4.1118794677176,0
chr20 56409711 56409712 4.10301356497257,0
chr8 144103703 144103704 3.98956336434465,0
chr7 12222944 12222945 3.87758736506417,0
chr10 80510091 80510092 3.87224161842147,0
chr12 113206405 113206406 3.70281528643739,0
chr12 113194006 113194007 3.65266777988623,0
chr11 47408352 47408353 3.52756330745504,0
chr10 80505514 80505515 3.45681442833069,0
chr11 60251687 60251688 3.32319220913292,0
chr12 113240585 113240586 2.55513285507945,0
chr8 27608797 27608798 2.52288673470655,0
chr11 47395194 47395195 2.45127334833869,0
chr10 80524755 80524756 2.28526165262758,0
chr17 46780562 46780563 0,2.22734006532735
chr16 81739397 81739398 0,2.15648762416175
chr16 31142824 31142825 0,2.10102373359104
chr5 14664711 14664712 0,2.0463341290529
chr15 78939135 78939136 0,1.963612665565
chr17 63476979 63476980 0,1.92569702116409
chr11 47403379 47403380 0,1.91282405124647
chr17 5232064 5232065 0,1.82004394602259
chr12 113299057 113299058 0,1.78017970449706
chr17 63476832 63476833 0,1.74098202522761
chr17 63478936 63478937 0,1.68770508561567
chr10 59980559 59980560 0,1.64533768514214
chr10 80494227 80494228 0,1.61152743771771
chr12 113298985 113298986 0,1.6064943623725
chr17 5282069 5282070 0,1.57445672755105
chr10 80511584 80511585 0,1.50775493360476
chr7 12210775 12210776 0,1.49716166978761
chr6 47480599 47480600 0,1.49117384011963
chr12 113241289 113241290 0,1.45491524268217
chr6 47479304 47479305 0,1.41675094028234
chr15 58749812 58749813 0,1.38055561154339
chr17 18141277 18141278 0,1.36882069072159
chr16 81739420 81739421 0,1.36585539501058
chr17 46770467 46770468 0,1.36092686562908
chr10 80492012 80492013 0,1.35730880409322
chr5 87002713 87002714 0,1.33011546889434
chr11 60263796 60263797 0,1.32436982619326
chr10 80491787 80491788 0,1.3070738633654
chr10 122421061 122421062 0,1.30014095233626
chr10 80509704 80509705 0,1.29781950554312
chr11 86157597 86157598 0,1.28200526251396
chr7 143413668 143413669 0,1.2800161846725
chr8 27608639 27608640 0,1.27214321712416
chr19 49955673 49955674 0,1.26131053015337
chr21 26130405 26130406 0,1.2535345108954
chr12 113233335 113233336 0,1.2508361817402
chr15 64090829 64090830 0,1.23465341617328
chr12 113222513 113222514 0,1.22487116124665
chr15 64090170 64090171 0,1.2241407781305
chr11 60263085 60263086 0,1.22227464248385
chr11 60263082 60263083 0,1.22227464248385
chr11 47356844 47356845 0,1.16767595149691
chr17 46771071 46771072 0,1.15659895722252
chr17 5306214 5306215 0,1.15246299230251
chr15 63277702 63277703 0,1.15222985004696
chr21 26142054 26142055 0,1.13993607381336
chr12 113223187 113223188 0,1.13673226732687
chr6 47484533 47484534 0,1.11392778880697
chr10 80493944 80493945 0,1.11114325467331
chr14 92460856 92460857 0,1.09968804945337
chr20 56440109 56440110 0,1.0472474911146
chr5 86909766 86909767 0,1.03661573557168
chr15 58761145 58761146 0,0.969191532806514
chr16 30019377 30019378 0,0.966057727462544
chr12 113185753 113185754 0,0.952123325074172
chr10 80491074 80491075 0,0.924743446728353
chr17 5326821 5326822 0,0.913362164941498
chr11 60243539 60243540 0,0.877790139737562
chr6 32637400 32637401 0,0.873542242251264
chr17 18183984 18183985 0,0.873415865673197
chr7 12210751 12210752 0,0.860933636326162
chr4 40197225 40197226 0,0.843733643120538
chr12 113206521 113206522 0,0.842044582971906
chr10 122407995 122407996 0,0.829046978428114
chr17 5348375 5348376 0,0.825031294500085
chr15 64148979 64148980 0,0.812874429507646
chr15 58724115 58724116 0,0.766849060613402
chr15 64076249 64076250 0,0.761167080876851
chr9 104903696 104903697 0,0.756253278686501
chr15 64147367 64147368 0,0.752023384994403
chr15 50756602 50756603 0,0.722970694915476
chr17 18156139 18156140 0,0.722970694915476
chr17 58331727 58331728 0,0.701804426848127
chr10 80520380 80520381 0,0.698901893816463
chr7 12240134 12240135 0,0.697910702236037
chr17 58332679 58332680 0,0.685049430232218
chr7 100406822 100406823 0,0.684582122461558
chr10 80508188 80508189 0,0.67769878513571
chr7 7816062 7816063 0,0.676199871123987
chr16 30082457 30082458 0,0.675668977222398
chr12 113223452 113223453 0,0.639173895155144
chr10 96258108 96258109 0,0.635600192043215
chr17 5237103 5237104 0,0.630329316620152
chr12 113190943 113190944 0,0.628751873801874
chr5 14724168 14724169 0,0.614464832692906
chr15 64076253 64076254 0,0.612191534134553
chr5 14712404 14712405 0,0.605918742268329
chr14 92464916 92464917 0,0.591972009321235
chr7 54881562 54881563 0,0.591972009321235
chr20 56412159 56412160 0,0.58936970827863
chr17 46785246 46785247 0,0.579753777005066
chr17 46771150 46771151 0,0.57922161399239
chr11 47368086 47368087 0,0.552909850267565
chr11 47425794 47425795 0,0.552580881286899
chr6 32637300 32637301 0,0.551897293144812
chr17 46765769 46765770 0,0.551229521982314
chr17 5214510 5214511 0,0.551229521982314
chr17 5281171 5281172 0,0.551229521982314
chr10 122375286 122375287 0,0.544645098332858
chr12 113233688 113233689 0,0.543210926171793
chr6 47484146 47484147 0,0.525352501129242
chr15 64070992 64070993 0,0.494452059666645
chr20 56423487 56423488 0,0.491729388222785
chr12 113221815 113221816 0,0.485708428168181
chr10 122368473 122368474 0,0.485532495872165
chr10 122416935 122416936 0,0.482623127186968
chr8 11844612 11844613 0,0.474232896858305
chr17 46770340 46770341 0,0.462270982055782
chr15 64090211 64090212 0,0.459303708715264
chr15 50757151 50757152 0,0.45731287311672
chr8 27362469 27362470 0,0.452737612553867
chr8 27608663 27608664 0,0.445943166844701
chr17 46782348 46782349 0,0.441778054164712
chr17 5296936 5296937 0,0.430277349779101
chr16 81739603 81739604 0,0.42189164452942
chr16 30045826 30045827 0,0.418285352189317
chr7 12212163 12212164 0,0.413459103927119
chr11 60264002 60264003 0,0.411546521001978
chr20 56420642 56420643 0,0.407236835602832
chr11 60260668 60260669 0,0.407236835602832
chr6 47477280 47477281 0,0.40167996950627
chr12 113153631 113153632 0,0.396788494510499
chr11 47370396 47370397 0,0.387661898858997
chr11 47411173 47411174 0,0.372269425567506
chr8 27610985 27610986 0,0.362467988528808
chr11 47356693 47356694 0,0.354724975063458
chr19 49952093 49952094 0,0.354510588810717
chr5 14712599 14712600 0,0.338889641709765
chr11 47395631 47395632 0,0.324315971380458
chr20 56430167 56430168 0,0.319037072073853
chr6 32623810 32623811 0,0.314297160843897
chr8 27610303 27610304 0,0.30111957652319
chr11 47389336 47389337 0,0.300483767092252
chr16 79564501 79564502 0,0.298048251278665
chr10 96266553 96266554 0,0.298048251278665
chr14 52880212 52880213 0,0.298048251278665
chr15 50753985 50753986 0,0.298048251278665
chr12 113221454 113221455 0,0.297504751011935
chr11 47378050 47378051 0,0.297053936258588
chr17 44352875 44352876 0,0.290513902184994
chr15 78926845 78926846 0,0.283753191004697
chr21 26128342 26128343 0,0.281999009448564
chr11 47385887 47385888 0,0.281110638559768
chr20 56443412 56443413 0,0.266597124387157
chr20 56428408 56428409 0,0.262240214968241
chr11 60265897 60265898 0,0.262164724082461
chr17 18151377 18151378 0,0.2539911572855
chr12 113152664 113152665 0,0.2539911572855
chr15 58758182 58758183 0,0.232364229290391
chr8 27370036 27370037 0,0.224286352608425
chr11 60252638 60252639 0,0.222373085339482
chr10 122421249 122421250 0,0.22010618541069
chr17 5235684 5235685 0,0.218984158443757
chr11 47419206 47419207 0,0.215439251051447
chr11 60263925 60263926 0,0.215212221557988
chr16 30018873 30018874 0,0.213977491153414
chr11 60266955 60266956 0,0.209208817395948
chr16 31143036 31143037 0,0.192013712438145
chr20 56413015 56413016 0,0.187895074619742
chr7 100373689 100373690 0,0.181572544717358
chr10 96288507 96288508 0,0.176874251245443
chr11 47355731 47355732 0,0.175314676339856
chr12 113237511 113237512 0,0.169001296656325
chr11 47372753 47372754 0,0.161856574625544
chr11 60259139 60259140 0,0.161127013794946
chr12 113197249 113197250 0,0.154215053535948
chr12 113296024 113296025 0,0.1480869696656
chr11 47398111 47398112 0,0.13410161248336
chr12 113233383 113233384 0,0.13293306958781
chr16 81739661 81739662 0,0.130837787785512
chr17 18187339 18187340 0,0.129110940039874
chr8 27610168 27610169 0,0.129110940039874
chr5 87002101 87002102 0,0.125368249163789
chr11 47379050 47379051 0,0.125132721299582
chr6 47485641 47485642 0,0.118024386182892
chr17 5229832 5229833 0,0.10648465130616
chr17 5235008 5235009 0,0.101707875972592
chr20 56422511 56422512 0,0.100525432798291
chr5 14664585 14664586 0,0.0932156369458366
chr7 12212044 12212045 0,0.0877198921003216
chr17 5233751 5233752 0,0.0874430437002971
chr7 12244246 12244247 0,0.0862428724313971
chr10 59979379 59979380 0,0.0841766582438964
chr10 59979382 59979383 0,0.0841766582438964
chr17 46776505 46776506 0,0.0841766582438964
chr16 70660096 70660097 0,0.0841766582438964
chr6 47462030 47462031 0,0.0799748682960217
chr14 92472510 92472511 0,0.0763313566654189
chr21 26123864 26123865 0,0.0731335347537514
chr17 5327571 5327572 0,0.0731335347537514
chr6 32610195 32610196 0,0.0682218448167675
chr16 30007398 30007399 0,0.0677619385768528
chr20 56432897 56432898 0,0.0677619385768528
chr7 100392740 100392741 0,0.0654762665297509
chr15 50762826 50762827 0,0.062796402695003
chr15 50758846 50758847 0,0.061510596227053
chr15 50763624 50763625 0,0.061510596227053
chr17 5220181 5220182 0,0.0597751284565904
chr6 47501536 47501537 0,0.0581759717753546
chr8 27354392 27354393 0,0.0553220274533689
chr5 151052826 151052827 0,0.0540413070077024
chr20 56443203 56443204 0,0.0506666186645604
chr15 64097543 64097544 0,0.0470033718135798
chr15 50757326 50757327 0,0.0454423813017216
chr17 58326987 58326988 0,0.0435570534077008
chr12 113221946 113221947 0,0.0232391488454912
chr11 60265974 60265975 0,0.018914865121321
chr11 47409047 47409048 0,0.0159018558079448
chr17 5220565 5220566 0,0
chr16 30010080 30010081 0,0
chr15 50766431 50766432 0,0
chr17 5345386 5345387 0,0
chr11 47366662 47366663 0,0
chr8 27362792 27362793 0,0
chr10 80503926 80503927 0,0
chr7 12244160 12244161 0,0
chr5 14707268 14707269 0,0
chr16 31114999 31115000 0,0
chr16 30031355 30031356 0,0
chr12 113204943 113204944 0,0
chr12 113209099 113209100 0,0
chr15 64108049 64108050 0,0
chr17 46782654 46782655 0,0
chr5 14728261 14728262 0,0
chr20 56437935 56437936 0,0
chr7 12211933 12211934 0,0
